[gd_scene load_steps=13 format=3 uid="uid://ds5vh4yxvjpn3"]

[ext_resource type="Script" path="res://scripts/sirens.gd" id="1_sm0u3"]
[ext_resource type="Texture2D" uid="uid://bphtf1wm5xpab" path="res://assets/temp/halfy.png" id="2_dnkr1"]
[ext_resource type="Shader" path="res://scripts/shaders/glitch.gdshader" id="2_yejcj"]
[ext_resource type="Texture2D" uid="uid://dnko8uw84nij6" path="res://assets/sprites/siren1.png" id="3_5030n"]
[ext_resource type="PackedScene" uid="uid://d557kilnx4qe" path="res://scenes/components/billboard_component.tscn" id="4_8pg7a"]
[ext_resource type="AudioStream" uid="uid://b3k3jpaneiowh" path="res://assets/sounds/siren_song.wav" id="6_b1h34"]
[ext_resource type="AudioStream" uid="uid://bcf8fmee1co6n" path="res://assets/sounds/siren_cry1.wav" id="6_hjjvd"]
[ext_resource type="AudioStream" uid="uid://ucf7xxsgqfob" path="res://assets/sounds/siren_cry2.wav" id="7_rvryl"]
[ext_resource type="AudioStream" uid="uid://1b8qk524puoe" path="res://assets/sounds/siren_cry3.wav" id="8_5vdgd"]

[sub_resource type="StandardMaterial3D" id="StandardMaterial3D_65o6o"]
albedo_texture = ExtResource("2_dnkr1")
uv1_scale = Vector3(0.17, 0.17, 0.17)
uv1_triplanar = true
texture_filter = 2

[sub_resource type="ShaderMaterial" id="ShaderMaterial_kk84s"]
render_priority = 0
shader = ExtResource("2_yejcj")
shader_parameter/num_sections = 7.0
shader_parameter/max_section_offset = 0.1
shader_parameter/image_speed = 1.0
shader_parameter/offset_speed = 5.0
shader_parameter/image_seed = 0.0
shader_parameter/offset_seed = 0.0
shader_parameter/transparency = 0.8
shader_parameter/image1 = ExtResource("3_5030n")
shader_parameter/image2 = ExtResource("3_5030n")
shader_parameter/image3 = ExtResource("3_5030n")

[sub_resource type="PlaneMesh" id="PlaneMesh_d564g"]
material = SubResource("ShaderMaterial_kk84s")
flip_faces = true
size = Vector2(1.5, 1.5)
orientation = 2

[node name="sirens" type="Node3D"]
script = ExtResource("1_sm0u3")
sing_radius = 100.0
pull_radius = 75.0

[node name="tempRock" type="CSGBox3D" parent="."]
transform = Transform3D(-0.965926, 0, -0.258819, 0, 1, 0, 0.258819, 0, -0.965926, -1.77107, 0, -1.93733)
size = Vector3(5, 5, 5)
material = SubResource("StandardMaterial3D_65o6o")

[node name="tempRock2" type="CSGBox3D" parent="."]
transform = Transform3D(-0.482963, 0, -0.12941, 0, 0.5, 0, 0.12941, 0, -0.482963, 0.0294989, -0.605348, -0.140763)
size = Vector3(6.84521, 7.42139, 5)
material = SubResource("StandardMaterial3D_65o6o")

[node name="tempRock3" type="CSGBox3D" parent="."]
transform = Transform3D(-0.482963, 0, -0.12941, 0, 0.5, 0, 0.12941, 0, -0.482963, 0.851899, -1.04085, -4.10413)
size = Vector3(5, 5.74292, 13.52)
material = SubResource("StandardMaterial3D_65o6o")

[node name="siren1" type="MeshInstance3D" parent="."]
transform = Transform3D(-0.965926, 0, -0.258819, 0, 1, 0, 0.258819, 0, -0.965926, -1.77107, 3.39277, -1.93733)
layers = 4
mesh = SubResource("PlaneMesh_d564g")
skeleton = NodePath("../tempRock")

[node name="billboardComponent" parent="siren1" instance=ExtResource("4_8pg7a")]

[node name="sirenPlayer" type="AudioStreamPlayer3D" parent="siren1"]
stream = ExtResource("6_hjjvd")

[node name="siren2" type="MeshInstance3D" parent="."]
transform = Transform3D(-0.935067, 0, 0.35447, 0, 1, 0, -0.35447, 0, -0.935067, -3.05848, 3.01265, 0.746872)
layers = 4
mesh = SubResource("PlaneMesh_d564g")
skeleton = NodePath("../tempRock")

[node name="billboardComponent" parent="siren2" instance=ExtResource("4_8pg7a")]

[node name="sirenPlayer" type="AudioStreamPlayer3D" parent="siren2"]
transform = Transform3D(0.811462, 0, 0.584405, 0, 1, 0, -0.584405, 0, 0.811462, -0.252346, 0.38012, 2.96626)
stream = ExtResource("7_rvryl")

[node name="siren3" type="MeshInstance3D" parent="."]
transform = Transform3D(-0.935067, 0, 0.35447, 0, 1, 0, -0.35447, 0, -0.935067, 1.17117, 2.20686, 0.861193)
layers = 4
mesh = SubResource("PlaneMesh_d564g")
skeleton = NodePath("../tempRock")

[node name="billboardComponent" parent="siren3" instance=ExtResource("4_8pg7a")]

[node name="sirenPlayer" type="AudioStreamPlayer3D" parent="siren3"]
transform = Transform3D(0.811462, 0, 0.584405, 0, 1, 0, -0.584405, 0, 0.811462, 3.74319, 1.18591, 1.57387)
stream = ExtResource("8_5vdgd")

[node name="singTimer" type="Timer" parent="."]
one_shot = true

[node name="attackTimer" type="Timer" parent="."]
one_shot = true

[node name="sirenPlayer" type="AudioStreamPlayer3D" parent="."]
stream = ExtResource("6_b1h34")
autoplay = true
max_distance = 500.0

[connection signal="timeout" from="singTimer" to="." method="_on_sing_timer_timeout"]
